A =

 Columns 1 through 5:

   0.0000e+00   0.0000e+00   0.0000e+00   0.0000e+00   0.0000e+00
   0.0000e+00   0.0000e+00   0.0000e+00   0.0000e+00   0.0000e+00
   0.0000e+00   0.0000e+00   0.0000e+00   0.0000e+00   0.0000e+00
   0.0000e+00   0.0000e+00   0.0000e+00   0.0000e+00   0.0000e+00
   0.0000e+00   0.0000e+00   0.0000e+00   0.0000e+00   0.0000e+00
   0.0000e+00   0.0000e+00   0.0000e+00   0.0000e+00   0.0000e+00
   0.0000e+00   0.0000e+00   0.0000e+00   0.0000e+00   0.0000e+00
   0.0000e+00   0.0000e+00   0.0000e+00   0.0000e+00   0.0000e+00
   9.9990e+03   0.0000e+00   0.0000e+00   0.0000e+00   0.0000e+00
  -9.9990e+03   0.0000e+00   0.0000e+00   0.0000e+00   0.0000e+00
   0.0000e+00   9.9990e+03   0.0000e+00   0.0000e+00   0.0000e+00
   0.0000e+00  -9.9990e+03   0.0000e+00   0.0000e+00   0.0000e+00
   0.0000e+00   0.0000e+00   9.9990e+03   0.0000e+00   0.0000e+00
   0.0000e+00   0.0000e+00  -9.9990e+03   0.0000e+00   0.0000e+00
   0.0000e+00   0.0000e+00   0.0000e+00   9.9990e+03   0.0000e+00
   0.0000e+00   0.0000e+00   0.0000e+00  -9.9990e+03   0.0000e+00
   0.0000e+00   0.0000e+00   0.0000e+00   0.0000e+00   9.9990e+03
   0.0000e+00   0.0000e+00   0.0000e+00   0.0000e+00  -9.9990e+03
   0.0000e+00   0.0000e+00   0.0000e+00   0.0000e+00   0.0000e+00

 Columns 6 through 10:

  -3.5008e+00  -8.4095e+00  -1.5199e+01  -2.2541e+01  -2.9264e+01
   3.5008e+00   8.4095e+00   1.5199e+01   2.2541e+01   2.9264e+01
  -4.5040e-01  -1.0107e+00  -2.0203e+00  -3.1862e+00  -4.3096e+00
   4.5040e-01   1.0107e+00   2.0203e+00   3.1862e+00   4.3096e+00
  -8.7650e-01  -1.6860e+00  -2.3932e+00  -2.8749e+00  -3.0189e+00
   8.7650e-01   1.6860e+00   2.3932e+00   2.8749e+00   3.0189e+00
  -1.0880e-01  -3.5250e-01  -6.2330e-01  -7.9230e-01  -8.1160e-01
   1.0880e-01   3.5250e-01   6.2330e-01   7.9230e-01   8.1160e-01
   1.0000e+00   0.0000e+00   0.0000e+00   0.0000e+00   0.0000e+00
   0.0000e+00   0.0000e+00   0.0000e+00   0.0000e+00   0.0000e+00
   0.0000e+00   1.0000e+00   0.0000e+00   0.0000e+00   0.0000e+00
   0.0000e+00   0.0000e+00   0.0000e+00   0.0000e+00   0.0000e+00
   0.0000e+00   0.0000e+00   1.0000e+00   0.0000e+00   0.0000e+00
   0.0000e+00   0.0000e+00   0.0000e+00   0.0000e+00   0.0000e+00
   0.0000e+00   0.0000e+00   0.0000e+00   1.0000e+00   0.0000e+00
   0.0000e+00   0.0000e+00   0.0000e+00   0.0000e+00   0.0000e+00
   0.0000e+00   0.0000e+00   0.0000e+00   0.0000e+00   1.0000e+00
   0.0000e+00   0.0000e+00   0.0000e+00   0.0000e+00   0.0000e+00
   1.0000e+00   1.0000e+00   1.0000e+00   1.0000e+00   1.0000e+00

 Columns 11 through 15:

   3.5008e+00   8.4095e+00   1.5199e+01   2.2541e+01   2.9264e+01
  -3.5008e+00  -8.4095e+00  -1.5199e+01  -2.2541e+01  -2.9264e+01
   4.5040e-01   1.0107e+00   2.0203e+00   3.1862e+00   4.3096e+00
  -4.5040e-01  -1.0107e+00  -2.0203e+00  -3.1862e+00  -4.3096e+00
   8.7650e-01   1.6860e+00   2.3932e+00   2.8749e+00   3.0189e+00
  -8.7650e-01  -1.6860e+00  -2.3932e+00  -2.8749e+00  -3.0189e+00
   1.0880e-01   3.5250e-01   6.2330e-01   7.9230e-01   8.1160e-01
  -1.0880e-01  -3.5250e-01  -6.2330e-01  -7.9230e-01  -8.1160e-01
   0.0000e+00   0.0000e+00   0.0000e+00   0.0000e+00   0.0000e+00
   1.0000e+00   0.0000e+00   0.0000e+00   0.0000e+00   0.0000e+00
   0.0000e+00   0.0000e+00   0.0000e+00   0.0000e+00   0.0000e+00
   0.0000e+00   1.0000e+00   0.0000e+00   0.0000e+00   0.0000e+00
   0.0000e+00   0.0000e+00   0.0000e+00   0.0000e+00   0.0000e+00
   0.0000e+00   0.0000e+00   1.0000e+00   0.0000e+00   0.0000e+00
   0.0000e+00   0.0000e+00   0.0000e+00   0.0000e+00   0.0000e+00
   0.0000e+00   0.0000e+00   0.0000e+00   1.0000e+00   0.0000e+00
   0.0000e+00   0.0000e+00   0.0000e+00   0.0000e+00   0.0000e+00
   0.0000e+00   0.0000e+00   0.0000e+00   0.0000e+00   1.0000e+00
   1.0000e+00   1.0000e+00   1.0000e+00   1.0000e+00   1.0000e+00

