function success = qpdataset(rhoOpt)
    
r = randn(1);
    
%movielens bounds
P = [64.366263, 18.672406, 17.903097, 18.146814, 18.352906, 16.874281, 17.678842, 16.911552, 16.900734, 17.984679, 17.695675, 17.943759, 18.362318, 16.650992, 18.106929, 18.352498, 17.582136, 18.228752, 17.823440, 16.976481; 18.672406, 66.949268, 19.039872, 18.360328, 18.067836, 18.285443, 18.295542, 17.325541, 18.367447, 18.692375, 19.139665, 18.594855, 18.834617, 17.765938, 18.856596, 18.943707, 18.800661, 18.820687, 18.126270, 18.017727; 17.903097, 19.039872, 66.273409, 18.920681, 18.074160, 17.466187, 18.649938, 17.746949, 17.881500, 18.789971, 17.594403, 18.266105, 18.377155, 18.590917, 17.899180, 19.113451, 18.600919, 19.413906, 18.584765, 18.303947; 18.146814, 18.360328, 18.920681, 65.023167, 18.115770, 17.479255, 18.290094, 17.559836, 17.744257, 18.822344, 18.313188, 18.667842, 18.511659, 17.653668, 17.994606, 17.974178, 18.527468, 19.644347, 18.657395, 18.511759; 18.352906, 18.067836, 18.074160, 18.115770, 65.543077, 17.582886, 18.571570, 17.844410, 17.505125, 17.841208, 18.917767, 18.407766, 18.460564, 17.056887, 18.909012, 17.889633, 18.694837, 19.285047, 17.513607, 18.057144; 16.874281, 18.285443, 17.466187, 17.479255, 17.582886, 63.326006, 18.282898, 16.220880, 16.851907, 17.529768, 16.493534, 17.442872, 17.931331, 16.845067, 17.831380, 17.172180, 18.023535, 18.773494, 17.888511, 17.627328; 17.678842, 18.295542, 18.649938, 18.290094, 18.571570, 18.282898, 66.080385, 17.352461, 17.926646, 17.634664, 18.241040, 18.097880, 18.571551, 16.844517, 19.677074, 17.761532, 18.688211, 19.916307, 18.754957, 18.563721; 16.911552, 17.325541, 17.746949, 17.559836, 17.844410, 16.220880, 17.352461, 62.815413, 16.073864, 16.770197, 16.780893, 16.338606, 17.506855, 16.892036, 17.307476, 17.056785, 17.303222, 17.516002, 16.757770, 16.105472; 16.900734, 18.367447, 17.881500, 17.744257, 17.505125, 16.851907, 17.926646, 16.073864, 64.041886, 17.918030, 17.219800, 18.577284, 17.815331, 16.457676, 17.391208, 16.371574, 18.257006, 17.706452, 17.472599, 17.065489; 17.984679, 18.692375, 18.789971, 18.822344, 17.841208, 17.529768, 17.634664, 16.770197, 17.918030, 65.937715, 18.542450, 17.459794, 18.883348, 17.282295, 18.331283, 17.687666, 18.813256, 19.299824, 17.364919, 17.688464; 17.695675, 19.139665, 17.594403, 18.313188, 18.917767, 16.493534, 18.241040, 16.780893, 17.219800, 18.542450, 65.067904, 17.839769, 17.814408, 17.573440, 17.995733, 17.458125, 18.532080, 18.440204, 16.441950, 17.131951; 17.943759, 18.594855, 18.266105, 18.667842, 18.407766, 17.442872, 18.097880, 16.338606, 18.577284, 17.459794, 17.839769, 64.548185, 18.973350, 17.329744, 18.435537, 17.453714, 18.393436, 18.326904, 18.530420, 18.062637; 18.362318, 18.834617, 18.377155, 18.511659, 18.460564, 17.931331, 18.571551, 17.506855, 17.815331, 18.883348, 17.814408, 18.973350, 66.063659, 17.309367, 18.707009, 17.904154, 18.448713, 19.786535, 18.416566, 17.517094; 16.650992, 17.765938, 18.590917, 17.653668, 17.056887, 16.845067, 16.844517, 16.892036, 16.457676, 17.282295, 17.573440, 17.329744, 17.309367, 63.986896, 18.005169, 17.439733, 17.949043, 18.377428, 17.476872, 17.707648; 18.106929, 18.856596, 17.899180, 17.994606, 18.909012, 17.831380, 19.677074, 17.307476, 17.391208, 18.331283, 17.995733, 18.435537, 18.707009, 18.005169, 67.110890, 17.547345, 18.909061, 18.708748, 18.015308, 17.828355; 18.352498, 18.943707, 19.113451, 17.974178, 17.889633, 17.172180, 17.761532, 17.056785, 16.371574, 17.687666, 17.458125, 17.453714, 17.904154, 17.439733, 17.547345, 65.287404, 17.898099, 18.515500, 17.183058, 18.093298; 17.582136, 18.800661, 18.600919, 18.527468, 18.694837, 18.023535, 18.688211, 17.303222, 18.257006, 18.813256, 18.532080, 18.393436, 18.448713, 17.949043, 18.909061, 17.898099, 66.306958, 20.097825, 18.612423, 18.458478; 18.228752, 18.820687, 19.413906, 19.644347, 19.285047, 18.773494, 19.916307, 17.516002, 17.706452, 19.299824, 18.440204, 18.326904, 19.786535, 18.377428, 18.708748, 18.515500, 20.097825, 67.671592, 17.999122, 18.585431; 17.823440, 18.126270, 18.584765, 18.657395, 17.513607, 17.888511, 18.754957, 16.757770, 17.472599, 17.364919, 16.441950, 18.530420, 18.416566, 17.476872, 18.015308, 17.183058, 18.612423, 17.999122, 64.503341, 17.210638; 16.976481, 18.017727, 18.303947, 18.511759, 18.057144, 17.627328, 18.563721, 16.105472, 17.065489, 17.688464, 17.131951, 18.062637, 17.517094, 17.707648, 17.828355, 18.093298, 18.458478, 18.585431, 17.210638, 65.496583];

q = [-399.194974; -417.876313; -419.283499; -412.501237; -411.865119; -388.961727; -416.738016; -385.554691; -398.049377; -411.331199; -402.109376; -409.823922; -414.557526; -394.982928; -409.759726; -397.970812; -414.996864; -428.772464; -399.916208; -405.463240];

